i <- 0
i / 1
write i - 1