x <- 10
y <- x <- 2 * 3
write y