x <- 10
y <- 20
read x <- 5
write u <- 6